
import numpy as np
from sklearn.preprocessing import PolynomialFeatures
from sklearn.linear_model import LinearRegression
from sklearn.pipeline import make_pipeline

# 提供的数据点
data = np.array([
    [57.08, 372.31, 2.08, 2.43],
    [57.44, 371.87, 2.07, 2.65],
    [57.77, 370.57, 2.08, 2.75],
    [58.14, 368.25, 2.08, 2.79],
    [58.45, 367.08, 2.07, 2.82],
    [58.51, 366.16, 2.05, 2.82],
    [58.43, 366.4, 2.05, 2.8],
    [58.28, 367.12, 2.05, 2.76],
    [58.2, 367.55, 2.05, 2.74],
    [58.13, 367.73, 2.05, 2.74],
    [58.13, 367.88, 2.04, 2.75],
    [58.16, 368.1, 2.05, 2.76],
    [58.2, 367.89, 2.05, 2.78],
    [58.17, 368.03, 2.05, 2.77],
    [58.18, 368.02, 2.05, 2.77],
    [58.24, 368.24, 2.03, 2.82],
    [58.3, 367.7, 2.04, 2.84],
    [58.3, 367.5, 2.04, 2.83],
    [58.3, 367.76, 2.05, 2.83],
    [58.32, 367.8, 2.03, 2.84],
    [58.32, 367.56, 2.02, 2.85],
    [58.3, 367.88, 2.03, 2.85],
    [58.29, 367.98, 2.01, 2.87],
    [58.27, 368.13, 2, 2.89],
    [58.27, 368.51, 2.02, 2.93],
    [58.38, 367.99, 2.02, 2.94],
    [58.53, 367.18, 2.04, 2.96],
    [58.68, 366.71, 2, 2.98],
    [58.92, 366.3, 2.02, 3.1],
    [59.25, 364.19, 2.05, 3.13],
    [59.58, 361.73, 2.02, 3.07],
    [59.94, 360.68, 2.01, 3.2],
    [60.2, 360.36, 2.01, 3.31],
    [60.43, 357.82, 2.02, 3.3],
    [60.6, 357.7, 2.01, 3.3],
    [60.61, 357.9, 2, 3.35],
    [60.46, 358.51, 1.99, 3.37],
    [60.24, 359.79, 1.98, 3.36],
    [60.07, 360.38, 1.98, 3.34],
    [59.96, 361.01, 1.98, 3.3],
    [59.95, 360.47, 2.09, 3.3],
    [59.98, 357.71, 2.08, 2.81],
    [60.04, 358.26, 2.08, 2.88],
    [60.14, 358.62, 2.05, 2.94],
    [60.14, 358.8, 2.04, 2.97],
    [60.05, 359.28, 1.99, 3.12],
    [59.93, 361.2, 2, 3.29],
    [59.76, 360.72, 1.99, 3.14],
    [59.58, 361.69, 2, 3.09],
    [59.59, 361.98, 2.01, 3.08],
    [59.72, 361.31, 2.01, 3.1],
    [59.92, 360.36, 2.01, 3.12],
    [59.96, 360.06, 2, 3.14],
    [59.69, 360.97, 1.98, 3.12],
    [59.28, 363.14, 1.96, 3.07],
    [58.91, 365.78, 2.01, 3.03],
    [58.66, 364.23, 2.02, 2.73],
    [58.58, 365.24, 2.01, 2.7],
    [58.58, 366.14, 1.99, 2.77],
    [58.66, 365.555, 1.99, 2.82],
    [58.7, 365.2, 2, 2.83],
    [58.55, 365.84, 1.98, 2.82],
    [58.28, 367.11, 2.01, 2.78],
    [58.02, 367.56, 2, 2.63],
    [57.88, 368.5, 2.02, 2.61],
    [57.84, 368.42, 2, 2.57],
    [57.86, 368.39, 2.01, 2.56],
    [57.85, 368.34, 2.01, 2.57],
    [57.82, 368.62, 2.01, 2.57],
    [57.79, 368.72, 2.01, 2.57],
    [57.75, 368.93, 2.01, 2.56],
    [57.64, 369.44, 2, 2.555],
    [57.52, 370.04, 2.01, 2.54],
    [57.48, 370.07, 2, 2.52],
    [57.49, 370.13, 2, 2.51],
    [57.48, 370.21, 2, 2.51],
    [57.37, 370.73, 1.98, 2.51],
    [57.16, 371.97, 1.98, 2.51],
    [56.92, 372.99, 1.99, 2.49],
    [56.75, 373.6, 2, 2.45],
    [56.6, 374.17, 2, 2.41],
    [56.59, 374.23, 2, 2.38],
    [56.59, 374.2, 1.99, 2.37],
    [56.54, 374.46, 2, 2.36],
    [56.4, 375.1, 1.99, 2.36],
    [56.15, 376.48, 2, 2.35],
    [55.89, 377.32, 1.99, 2.3],
    [55.67, 378.53, 2, 2.26],
    [55.52, 378.94, 2, 2.23],
    [54.56, 388.88, 1.43, 2.27],
    [51.01, 404.45, 1.35, 2.39],
    [50.62, 407.98, 1.34, 2.47],
    [49.68, 415.66, 1.31, 3.09],
    [51.56, 420.27, 1.76, 3.56],
    [51.09, 404.67, 1.75, 2.55],
    [48.64, 417.45, 1.83, 2.27],
    [46.62, 428.17, 1.73, 2.47],
    [44.91, 435.04, 1.62, 2.24],
    [43.44, 442.83, 1.56, 2.2],
    [42.08, 449.04, 1.47, 2.17],
    [40.75, 455.5, 1.39, 2.11],
    [39.333, 462.41, 1.32, 2.09],
    [37.94, 468.96, 1.25, 2.05],
    [36.67, 474.96, 1.19, 2.01],
    [35.39, 481, 1.12, 1.98],
    [34.1, 487.02, 1.06, 1.95],
    [32.88, 492.74, 1.02, 1.92],
    [31.8, 497.69, 0.99, 1.89],
    [30.84, 501.94, 0.97, 1.85],
    [30.18, 504.69, 0.95, 1.79],
    [29.67, 506.96, 0.96, 1.74],
    [29.57, 506.68, 0.99, 1.68],
    [29.92, 504.92, 1.05, 1.61],
    [30.18, 504.2, 1.05, 1.63],
    [30.3, 503.69, 1.09, 1.66],
    [30.34, 503.99, 1.09, 1.7],
    [30.41, 503.54, 1.11, 1.72],
    [30.45, 503.8, 1.11, 1.77],
    [30.51, 503.25, 1.12, 1.77],
    [30.63, 502.78, 1.13, 1.77],
    [30.78, 501.95, 1.14, 1.77],
    [30.93, 501.32, 1.14, 1.777],
    [31.09, 500.94, 1.15, 1.79],
    [31.26, 500.45, 1.16, 1.85],
    [31.4, 499.5, 1.15, 1.87],
    [31.58, 498.9, 1.1, 1.86],
    [31.77, 497.51, 1.11, 1.81],
    [31.93, 497.09, 1.11, 1.85],
    [31.99, 496.86, 1.09, 1.85],
    [31.46, 499.85, 1.04, 1.91],
    [30.68, 503.23, 1.04, 1.92],
    [30.29, 504.8, 1.04, 1.88],
    [30.08, 505.61, 1.04, 1.85],
    [30.01, 505.78, 1.04, 1.82],
    [29.96, 506.06, 1.03, 1.81],
    [29.97, 505.87, 1.04, 1.79],
    [30.05, 505.56, 1.05, 1.79],
    [30.24, 504.52, 1.05, 1.77],
    [30.44, 503.76, 1.06, 1.78],
    [30.61, 502.98, 1.05, 1.79],
    [30.81, 502.08, 1.08, 1.8],
    [31.06, 500.91, 1.07, 1.8],
    [31.24, 499.96, 1.04, 1.81],
    [31.31, 499.73, 1.04, 1.78],
    [31.23, 500.17, 1.03, 1.82],
    [31.26, 500.09, 1.03, 1.77],
    [31.22, 500.28, 1.04, 1.84],
    [31.15, 500.65, 1.04, 1.83],
    [31.13, 500.69, 1.04, 1.84],
    [31.26, 499.97, 1.05, 1.82],
    [31.54, 498.57, 1.07, 1.81],
    [31.94, 496.72, 1.07, 1.81],
    [32.27, 495.29, 1.08, 1.83],
    [34.65, 483.58, 1.21, 1.81],
    [34.77, 483.08, 1.22, 1.8],
    [34.94, 482.15, 1.23, 1.8],
    [35.13, 481.28, 1.22, 1.8],
    [35.32, 480.27, 1.222, 1.79],
    [35.47, 479.87, 1.222, 1.8],
    [35.59, 479.23, 1.23, 1.82],
    [35.68, 478.86, 1.222, 1.82],
    [35.78, 478.32, 1.2, 1.82],
    [35.88, 477.73, 1.2, 1.81],
    [35.91, 477.79, 1.2, 1.82],
    [35.85, 478.16, 1.2, 1.84],
    [35.79, 478.28, 1.2, 1.84],
    [35.8, 478.17, 1.21, 1.83],
    [35.93, 477.5, 1.2, 1.82],
    [36.13, 476.42, 1.2, 1.81],
    [36.38, 475.29, 1.23, 1.81],
    [36.63, 474.16, 1.24, 1.81],
    [36.85, 473.11, 1.24, 1.82],
    [36.96, 472.5, 1.22, 1.82],
    [37.02, 472.4, 1.21, 1.83],
    [37.04, 471.91, 1.2, 1.82],
    [37.05, 472.16, 1.2, 1.81],
    [36.75, 474.24, 0.88, 1.86],
    [36.444, 476.18, 0.86, 1.93],
    [36.13, 477.9, 0.86, 1.99],
    [35.79, 479.51, 0.86, 2.02],
    [35.41, 481.75, 0.87, 2.06],
    [35.01, 483.85, 0.89, 2.1],
    [34.57, 486.18, 0.92, 2.13],
    [34.24, 487.39, 0.4, 2.13],
    [34.01, 488.93, 0.94, 2.11],
    [33.76, 490.12, 0.94, 2.11],
    [33.46, 491.39, 0.93, 2.16],
    [333.23, 492.02, 0.92, 2.12],
    [32.99, 493.11, 0.92, 2.1],
    [32.77, 494.2, 0.91, 2.07],
    [32.555, 495.13, 0.89, 2.05],
    [32.34, 496.1, 0.8, 2.04],
    [32.12, 497.13, 0.87, 2.03],
    [31.91, 498.15, 0.86, 2.03],
    [31.7, 499.14, 0.85, 2.02],
    [31.5, 500.04, 0.84, 2.02],
    [31.31, 500.87, 0.83, 2.01],
    [31.12, 501.7, 0.83, 2],
    [30.95, 502.52, 0.82, 1.99],
    [30.77, 503.31, 0.82, 1.99]
])

#分割数据为特征和目标变量
X = data[:, :3]  # 特征
y = data[:, 3]   # 目标变量

#创建一个包含二次项的多项式特征对象
poly = PolynomialFeatures(degree=2, include_bias=False)

#创建一个线性回归模型
model = LinearRegression()

#创建一个管道，首先应用多项式特征，然后是线性回归
pipeline = make_pipeline(poly, model)

#训练模型
pipeline.fit(X, y)

#模型系数
coefficients = pipeline.named_steps['linearregression'].coef_
intercept = pipeline.named_steps['linearregression'].intercept_

#打印系数和截距
print("Coefficients:", coefficients)
print("Intercept:", intercept)






import numpy as np
from sklearn.preprocessing import PolynomialFeatures
from sklearn.linear_model import LinearRegression
from sklearn.pipeline import make_pipeline

# 提供的数据点
data = np.array([
    [57.08, 372.31, 2.08, 2.43],
    [57.44, 371.87, 2.07, 2.65],
    [57.77, 370.57, 2.08, 2.75],
    [58.14, 368.25, 2.08, 2.79],
    [58.45, 367.08, 2.07, 2.82],
    [58.51, 366.16, 2.05, 2.82],
    [58.43, 366.4, 2.05, 2.8],
    [58.28, 367.12, 2.05, 2.76],
    [58.2, 367.55, 2.05, 2.74],
    [58.13, 367.73, 2.05, 2.74],
    [58.13, 367.88, 2.04, 2.75],
    [58.16, 368.1, 2.05, 2.76],
    [58.2, 367.89, 2.05, 2.78],
    [58.17, 368.03, 2.05, 2.77],
    [58.18, 368.02, 2.05, 2.77],
    [58.24, 368.24, 2.03, 2.82],
    [58.3, 367.7, 2.04, 2.84],
    [58.3, 367.5, 2.04, 2.83],
    [58.3, 367.76, 2.05, 2.83],
    [58.32, 367.8, 2.03, 2.84],
    [58.32, 367.56, 2.02, 2.85],
    [58.3, 367.88, 2.03, 2.85],
    [58.29, 367.98, 2.01, 2.87],
    [58.27, 368.13, 2, 2.89],
    [58.27, 368.51, 2.02, 2.93],
    [58.38, 367.99, 2.02, 2.94],
    [58.53, 367.18, 2.04, 2.96],
    [58.68, 366.71, 2, 2.98],
    [58.92, 366.3, 2.02, 3.1],
    [59.25, 364.19, 2.05, 3.13],
    [59.58, 361.73, 2.02, 3.07],
    [59.94, 360.68, 2.01, 3.2],
    [60.2, 360.36, 2.01, 3.31],
    [60.43, 357.82, 2.02, 3.3],
    [60.6, 357.7, 2.01, 3.3],
    [60.61, 357.9, 2, 3.35],
    [60.46, 358.51, 1.99, 3.37],
    [60.24, 359.79, 1.98, 3.36],
    [60.07, 360.38, 1.98, 3.34],
    [59.96, 361.01, 1.98, 3.3],
    [59.95, 360.47, 2.09, 3.3],
    [59.98, 357.71, 2.08, 2.81],
    [60.04, 358.26, 2.08, 2.88],
    [60.14, 358.62, 2.05, 2.94],
    [60.14, 358.8, 2.04, 2.97],
    [60.05, 359.28, 1.99, 3.12],
    [59.93, 361.2, 2, 3.29],
    [59.76, 360.72, 1.99, 3.14],
    [59.58, 361.69, 2, 3.09],
    [59.59, 361.98, 2.01, 3.08],
    [59.72, 361.31, 2.01, 3.1],
    [59.92, 360.36, 2.01, 3.12],
    [59.96, 360.06, 2, 3.14],
    [59.69, 360.97, 1.98, 3.12],
    [59.28, 363.14, 1.96, 3.07],
    [58.91, 365.78, 2.01, 3.03],
    [58.66, 364.23, 2.02, 2.73],
    [58.58, 365.24, 2.01, 2.7],
    [58.58, 366.14, 1.99, 2.77],
    [58.66, 365.555, 1.99, 2.82],
    [58.7, 365.2, 2, 2.83],
    [58.55, 365.84, 1.98, 2.82],
    [58.28, 367.11, 2.01, 2.78],
    [58.02, 367.56, 2, 2.63],
    [57.88, 368.5, 2.02, 2.61],
    [57.84, 368.42, 2, 2.57],
    [57.86, 368.39, 2.01, 2.56],
    [57.85, 368.34, 2.01, 2.57],
    [57.82, 368.62, 2.01, 2.57],
    [57.79, 368.72, 2.01, 2.57],
    [57.75, 368.93, 2.01, 2.56],
    [57.64, 369.44, 2, 2.555],
    [57.52, 370.04, 2.01, 2.54],
    [57.48, 370.07, 2, 2.52],
    [57.49, 370.13, 2, 2.51],
    [57.48, 370.21, 2, 2.51],
    [57.37, 370.73, 1.98, 2.51],
    [57.16, 371.97, 1.98, 2.51],
    [56.92, 372.99, 1.99, 2.49],
    [56.75, 373.6, 2, 2.45],
    [56.6, 374.17, 2, 2.41],
    [56.59, 374.23, 2, 2.38],
    [56.59, 374.2, 1.99, 2.37],
    [56.54, 374.46, 2, 2.36],
    [56.4, 375.1, 1.99, 2.36],
    [56.15, 376.48, 2, 2.35],
    [55.89, 377.32, 1.99, 2.3],
    [55.67, 378.53, 2, 2.26],
    [55.52, 378.94, 2, 2.23],
    [54.56, 388.88, 1.43, 2.27],
    [51.01, 404.45, 1.35, 2.39],
    [50.62, 407.98, 1.34, 2.47],
    [49.68, 415.66, 1.31, 3.09],
    [51.56, 420.27, 1.76, 3.56],
    [51.09, 404.67, 1.75, 2.55],
    [48.64, 417.45, 1.83, 2.27],
    [46.62, 428.17, 1.73, 2.47],
    [44.91, 435.04, 1.62, 2.24],
    [43.44, 442.83, 1.56, 2.2],
    [42.08, 449.04, 1.47, 2.17],
    [40.75, 455.5, 1.39, 2.11],
    [39.333, 462.41, 1.32, 2.09],
    [37.94, 468.96, 1.25, 2.05],
    [36.67, 474.96, 1.19, 2.01],
    [35.39, 481, 1.12, 1.98],
    [34.1, 487.02, 1.06, 1.95],
    [32.88, 492.74, 1.02, 1.92],
    [31.8, 497.69, 0.99, 1.89],
    [30.84, 501.94, 0.97, 1.85],
    [30.18, 504.69, 0.95, 1.79],
    [29.67, 506.96, 0.96, 1.74],
    [29.57, 506.68, 0.99, 1.68],
    [29.92, 504.92, 1.05, 1.61],
    [30.18, 504.2, 1.05, 1.63],
    [30.3, 503.69, 1.09, 1.66],
    [30.34, 503.99, 1.09, 1.7],
    [30.41, 503.54, 1.11, 1.72],
    [30.45, 503.8, 1.11, 1.77],
    [30.51, 503.25, 1.12, 1.77],
    [30.63, 502.78, 1.13, 1.77],
    [30.78, 501.95, 1.14, 1.77],
    [30.93, 501.32, 1.14, 1.777],
    [31.09, 500.94, 1.15, 1.79],
    [31.26, 500.45, 1.16, 1.85],
    [31.4, 499.5, 1.15, 1.87],
    [31.58, 498.9, 1.1, 1.86],
    [31.77, 497.51, 1.11, 1.81],
    [31.93, 497.09, 1.11, 1.85],
    [31.99, 496.86, 1.09, 1.85],
    [31.46, 499.85, 1.04, 1.91],
    [30.68, 503.23, 1.04, 1.92],
    [30.29, 504.8, 1.04, 1.88],
    [30.08, 505.61, 1.04, 1.85],
    [30.01, 505.78, 1.04, 1.82],
    [29.96, 506.06, 1.03, 1.81],
    [29.97, 505.87, 1.04, 1.79],
    [30.05, 505.56, 1.05, 1.79],
    [30.24, 504.52, 1.05, 1.77],
    [30.44, 503.76, 1.06, 1.78],
    [30.61, 502.98, 1.05, 1.79],
    [30.81, 502.08, 1.08, 1.8],
    [31.06, 500.91, 1.07, 1.8],
    [31.24, 499.96, 1.04, 1.81],
    [31.31, 499.73, 1.04, 1.78],
    [31.23, 500.17, 1.03, 1.82],
    [31.26, 500.09, 1.03, 1.77],
    [31.22, 500.28, 1.04, 1.84],
    [31.15, 500.65, 1.04, 1.83],
    [31.13, 500.69, 1.04, 1.84],
    [31.26, 499.97, 1.05, 1.82],
    [31.54, 498.57, 1.07, 1.81],
    [31.94, 496.72, 1.07, 1.81],
    [32.27, 495.29, 1.08, 1.83],
    [34.65, 483.58, 1.21, 1.81],
    [34.77, 483.08, 1.22, 1.8],
    [34.94, 482.15, 1.23, 1.8],
    [35.13, 481.28, 1.22, 1.8],
    [35.32, 480.27, 1.222, 1.79],
    [35.47, 479.87, 1.222, 1.8],
    [35.59, 479.23, 1.23, 1.82],
    [35.68, 478.86, 1.222, 1.82],
    [35.78, 478.32, 1.2, 1.82],
    [35.88, 477.73, 1.2, 1.81],
    [35.91, 477.79, 1.2, 1.82],
    [35.85, 478.16, 1.2, 1.84],
    [35.79, 478.28, 1.2, 1.84],
    [35.8, 478.17, 1.21, 1.83],
    [35.93, 477.5, 1.2, 1.82],
    [36.13, 476.42, 1.2, 1.81],
    [36.38, 475.29, 1.23, 1.81],
    [36.63, 474.16, 1.24, 1.81],
    [36.85, 473.11, 1.24, 1.82],
    [36.96, 472.5, 1.22, 1.82],
    [37.02, 472.4, 1.21, 1.83],
    [37.04, 471.91, 1.2, 1.82],
    [37.05, 472.16, 1.2, 1.81],
    [36.75, 474.24, 0.88, 1.86],
    [36.444, 476.18, 0.86, 1.93],
    [36.13, 477.9, 0.86, 1.99],
    [35.79, 479.51, 0.86, 2.02],
    [35.41, 481.75, 0.87, 2.06],
    [35.01, 483.85, 0.89, 2.1],
    [34.57, 486.18, 0.92, 2.13],
    [34.24, 487.39, 0.4, 2.13],
    [34.01, 488.93, 0.94, 2.11],
    [33.76, 490.12, 0.94, 2.11],
    [33.46, 491.39, 0.93, 2.16],
    [333.23, 492.02, 0.92, 2.12],
    [32.99, 493.11, 0.92, 2.1],
    [32.77, 494.2, 0.91, 2.07],
    [32.555, 495.13, 0.89, 2.05],
    [32.34, 496.1, 0.8, 2.04],
    [32.12, 497.13, 0.87, 2.03],
    [31.91, 498.15, 0.86, 2.03],
    [31.7, 499.14, 0.85, 2.02],
    [31.5, 500.04, 0.84, 2.02],
    [31.31, 500.87, 0.83, 2.01],
    [31.12, 501.7, 0.83, 2],
    [30.95, 502.52, 0.82, 1.99],
    [30.77, 503.31, 0.82, 1.99]
])

# 分割数据为特征和目标变量
X = data[:, :3]  # 特征
y = data[:, 3]   # 目标变量

# 创建一个包含二次项的多项式特征对象
poly = PolynomialFeatures(degree=2, include_bias=False)

# 创建一个线性回归模型
model = LinearRegression()

# 创建一个管道，首先应用多项式特征，然后是线性回归
pipeline = make_pipeline(poly, model)

# 训练模型
pipeline.fit(X, y)

# 模型系数和截距
coefficients = pipeline.named_steps['linearregression'].coef_
intercept = pipeline.named_steps['linearregression'].intercept_

# 打印系数和截距
print("Coefficients:", coefficients)
print("Intercept:", intercept)

# 打印特征名称以确认所有项都存在
feature_names = poly.get_feature_names(input_features=['X', 'Y', 'Z'])
print("Feature names:", feature_names)

